\begin{table}[!htbp]
\centering
\begin{threeparttable}
\resizebox{\textwidth}{!}{%
\begin{tabular @{} }{@{}lrrrrrrrrrrrrrrr}
\toprule
 & sovereign\_spread & vulnerability & gdp\_per\_capita & debt\_to\_gdp & population & wgi\_cc & wgi\_ge & wgi\_pv & wgi\_rl & wgi\_rq & wgi\_va & cpi\_yoy & cpi\_yoy\_lag1 & current\_account\_balance & current\_account\_balance\_lag1 \\
\midrule
sovereign\_spread & 1.000000 & 0.360000 & -0.350000 & -0.080000 & 0.050000 & -0.420000 & -0.480000 & -0.380000 & -0.450000 & -0.490000 & -0.360000 & 0.570000 & 0.150000 & -0.140000 & -0.190000 \\
vulnerability & 0.360000 & 1.000000 & -0.650000 & -0.120000 & 0.230000 & -0.750000 & -0.780000 & -0.670000 & -0.770000 & -0.790000 & -0.710000 & 0.080000 & 0.060000 & -0.130000 & -0.120000 \\
gdp\_per\_capita & -0.350000 & -0.650000 & 1.000000 & 0.130000 & -0.180000 & 0.780000 & 0.760000 & 0.590000 & 0.770000 & 0.730000 & 0.590000 & -0.080000 & -0.090000 & 0.380000 & 0.370000 \\
debt\_to\_gdp & -0.080000 & -0.120000 & 0.130000 & 1.000000 & 0.040000 & 0.120000 & 0.150000 & 0.080000 & 0.160000 & 0.080000 & 0.160000 & -0.040000 & -0.010000 & -0.020000 & -0.030000 \\
population & 0.050000 & 0.230000 & -0.180000 & 0.040000 & 1.000000 & -0.240000 & -0.190000 & -0.300000 & -0.230000 & -0.300000 & -0.310000 & -0.000000 & 0.010000 & 0.000000 & 0.010000 \\
wgi\_cc & -0.420000 & -0.750000 & 0.780000 & 0.120000 & -0.240000 & 1.000000 & 0.950000 & 0.790000 & 0.960000 & 0.930000 & 0.790000 & -0.310000 & -0.100000 & 0.280000 & 0.290000 \\
wgi\_ge & -0.480000 & -0.780000 & 0.760000 & 0.150000 & -0.190000 & 0.950000 & 1.000000 & 0.780000 & 0.960000 & 0.940000 & 0.770000 & -0.360000 & -0.120000 & 0.310000 & 0.310000 \\
wgi\_pv & -0.380000 & -0.670000 & 0.590000 & 0.080000 & -0.300000 & 0.790000 & 0.780000 & 1.000000 & 0.810000 & 0.780000 & 0.710000 & -0.300000 & -0.070000 & 0.190000 & 0.200000 \\
wgi\_rl & -0.450000 & -0.770000 & 0.770000 & 0.160000 & -0.230000 & 0.960000 & 0.960000 & 0.810000 & 1.000000 & 0.940000 & 0.820000 & -0.340000 & -0.120000 & 0.240000 & 0.240000 \\
wgi\_rq & -0.490000 & -0.790000 & 0.730000 & 0.080000 & -0.300000 & 0.930000 & 0.940000 & 0.780000 & 0.940000 & 1.000000 & 0.810000 & -0.360000 & -0.110000 & 0.210000 & 0.220000 \\
wgi\_va & -0.360000 & -0.710000 & 0.590000 & 0.160000 & -0.310000 & 0.790000 & 0.770000 & 0.710000 & 0.820000 & 0.810000 & 1.000000 & -0.250000 & -0.070000 & 0.000000 & 0.000000 \\
cpi\_yoy & 0.570000 & 0.080000 & -0.080000 & -0.040000 & -0.000000 & -0.310000 & -0.360000 & -0.300000 & -0.340000 & -0.360000 & -0.250000 & 1.000000 & 0.460000 & 0.010000 & -0.010000 \\
cpi\_yoy\_lag1 & 0.150000 & 0.060000 & -0.090000 & -0.010000 & 0.010000 & -0.100000 & -0.120000 & -0.070000 & -0.120000 & -0.110000 & -0.070000 & 0.460000 & 1.000000 & -0.000000 & 0.010000 \\
current\_account\_balance & -0.140000 & -0.130000 & 0.380000 & -0.020000 & 0.000000 & 0.280000 & 0.310000 & 0.190000 & 0.240000 & 0.210000 & 0.000000 & 0.010000 & -0.000000 & 1.000000 & 0.850000 \\
current\_account\_balance\_lag1 & -0.190000 & -0.120000 & 0.370000 & -0.030000 & 0.010000 & 0.290000 & 0.310000 & 0.200000 & 0.240000 & 0.220000 & 0.000000 & -0.010000 & 0.010000 & 0.850000 & 1.000000 \\
\bottomrule
\end{tabular}
}
\begin{tablenotes}[flushleft]\footnotesize\item Diagonal equals 1. Off-diagonals show pairwise correlations. Subset chosen to fit page width.\end{tablenotes}
\caption{Pearson correlation matrix (subset of variables).}
\label{tab:corr_matrix}
\end{threeparttable}
\end{table}
